[app/ui]
version = 8.2.4
modtime = 1642700211.310495000

[app/launcher]
version = 8.2.4
modtime = 1642700211.311978000
